%time,field.yaw_mode,field.pitch_mode,field.yaw_angle,field.pitch_angle
1553437943756328205,1,0,0.00522491410375,0.110920667648
1553437943767500545,1,0,0.00522491410375,0.110920667648
1553437943778999976,1,0,0.00522491410375,0.110920667648
1553437943790196746,1,0,0.00522491410375,0.110920667648
1553437943801654014,1,0,0.00522491410375,0.110920667648
1553437943813028496,1,0,0.00522491410375,0.110920667648
1553437943824506376,1,0,0.00944314198568,0.111468076706
1553437943857767561,1,0,0.00944314198568,0.111468076706
1553437943873240747,1,0,0.00944314198568,0.111468076706
1553437943883297238,1,0,0.00944314198568,0.111468076706
1553437943890269670,1,0,0.00944314198568,0.111468076706
1553437943900909472,1,0,0.00944314198568,0.111468076706
1553437943911158908,1,0,0.00944314198568,0.111468076706
1553437943922595279,1,0,0.0151376754045,0.130577996373
1553437943933725399,1,0,0.0151376754045,0.130577996373
1553437943945041877,1,0,0.0151376754045,0.130577996373
1553437943956584570,1,0,0.0151376754045,0.130577996373
1553437943967850380,1,0,0.0151376754045,0.130577996373
1553437943978989463,1,0,0.0151376754045,0.130577996373
1553437943990638206,1,0,0.0151376754045,0.130577996373
1553437944001943830,1,0,0.0151376754045,0.130577996373
1553437944013363160,1,0,0.0151376754045,0.130577996373
1553437944024599895,1,0,0.0175366045907,0.133835315704
1553437944058871858,1,0,0.0175366045907,0.133835315704
1553437944078999434,1,0,0.0175366045907,0.133835315704
1553437944089159896,1,0,0.0175366045907,0.133835315704
1553437944097708896,1,0,0.0175366045907,0.133835315704
1553437944106117023,1,0,0.0175366045907,0.133835315704
1553437944113132517,1,0,0.0175366045907,0.133835315704
1553437944125070739,1,0,0.0195733368397,0.136495560408
1553437944135745975,1,0,0.0195733368397,0.136495560408
1553437944147158522,1,0,0.0195733368397,0.136495560408
1553437944159133324,1,0,0.0195733368397,0.136495560408
1553437944166958777,1,0,0.0195733368397,0.136495560408
1553437944175638798,1,0,0.0195733368397,0.136495560408
1553437944184483411,1,0,0.0195733368397,0.136495560408
1553437944193191805,1,0,0.0195733368397,0.136495560408
1553437944200910672,1,0,0.0195733368397,0.136495560408
1553437944212030793,1,0,0.0195733368397,0.136495560408
1553437944220503057,1,0,0.0195733368397,0.136495560408
1553437944228056040,1,0,0.0197399038821,0.14179508388
1553437944235103591,1,0,0.0197399038821,0.14179508388
1553437944246493227,1,0,0.0197399038821,0.14179508388
1553437944257255909,1,0,0.0197399038821,0.14179508388
1553437944268483201,1,0,0.0197399038821,0.14179508388
1553437944279654308,1,0,0.0197399038821,0.14179508388
1553437944317637743,1,0,0.0197399038821,0.14179508388
1553437944335862468,1,0,0.0197399038821,0.14179508388
1553437944346338728,1,0,0.0200827959925,0.16369228065
1553437944354770737,1,0,0.0200827959925,0.16369228065
1553437944363150357,1,0,0.0200827959925,0.16369228065
1553437944371292065,1,0,0.0200827959925,0.16369228065
1553437944378342492,1,0,0.0200827959925,0.16369228065
1553437944389145204,1,0,0.0200827959925,0.16369228065
1553437944400112718,1,0,0.0200827959925,0.16369228065
1553437944408743775,1,0,0.0200827959925,0.16369228065
1553437944416806200,1,0,0.0200827959925,0.16369228065
1553437944423592868,1,0,0.0289361909032,0.168133214116
1553437944434149167,1,0,0.0289361909032,0.168133214116
1553437944445257304,1,0,0.0289361909032,0.168133214116
1553437944456768445,1,0,0.0289361909032,0.168133214116
1553437944468517370,1,0,0.0289361909032,0.168133214116
1553437944479548503,1,0,0.0289361909032,0.168133214116
1553437944491529359,1,0,0.0289361909032,0.168133214116
1553437944503013375,1,0,0.0289361909032,0.168133214116
1553437944513575459,1,0,0.0289361909032,0.168133214116
1553437944524803089,1,0,0.0309697300196,0.173175320029
1553437944537068228,1,0,0.0309697300196,0.173175320029
1553437944544693258,1,0,0.0309697300196,0.173175320029
1553437944552042831,1,0,0.0309697300196,0.173175320029
1553437944559788113,1,0,0.0309697300196,0.173175320029
1553437944566176122,1,0,0.0309697300196,0.173175320029
1553437944577723751,1,0,0.0309697300196,0.173175320029
1553437944588531729,1,0,0.0309697300196,0.173175320029
1553437944599925006,1,0,0.0309697300196,0.173175320029
1553437944611273837,1,0,0.0309697300196,0.173175320029
1553437944622300450,1,0,0.0283797539771,0.195330262184
1553437944633586170,1,0,0.0283797539771,0.195330262184
1553437944644979985,1,0,0.0283797539771,0.195330262184
1553437944656082080,1,0,0.0283797539771,0.195330262184
1553437944667371746,1,0,0.0283797539771,0.195330262184
1553437944678702992,1,0,0.0283797539771,0.195330262184
1553437944690503686,1,0,0.0283797539771,0.195330262184
1553437944701683360,1,0,0.0283797539771,0.195330262184
1553437944712723999,1,0,0.0283797539771,0.195330262184
1553437944724285451,1,0,0.028885152936,0.199470669031
1553437944754824563,1,0,0.028885152936,0.199470669031
1553437944770095132,1,0,0.028885152936,0.199470669031
1553437944779145819,1,0,0.028885152936,0.199470669031
1553437944786889059,1,0,0.028885152936,0.199470669031
1553437944794408007,1,0,0.028885152936,0.199470669031
1553437944801383138,1,0,0.028885152936,0.199470669031
1553437944812168204,1,0,0.028885152936,0.199470669031
1553437944823123251,1,0,0.0330203965306,0.200704455376
1553437944834182138,1,0,0.0330203965306,0.200704455376
1553437944845571487,1,0,0.0330203965306,0.200704455376
1553437944856696120,1,0,0.0330203965306,0.200704455376
1553437944868072543,1,0,0.0330203965306,0.200704455376
1553437944879845295,1,0,0.0330203965306,0.200704455376
1553437944890625515,1,0,0.0330203965306,0.200704455376
1553437944902685094,1,0,0.0330203965306,0.200704455376
1553437944913484385,1,0,0.0330203965306,0.200704455376
1553437944926212173,1,0,0.0348704002798,0.203981786966
1553437944932749363,1,0,0.0348704002798,0.203981786966
1553437944940302521,1,0,0.0348704002798,0.203981786966
1553437944946909004,1,0,0.0348704002798,0.203981786966
1553437944959500587,1,0,0.0348704002798,0.203981786966
1553437944966375562,1,0,0.0348704002798,0.203981786966
1553437944973620688,1,0,0.0348704002798,0.203981786966
1553437944980479658,1,0,0.0348704002798,0.203981786966
1553437944992129622,1,0,0.0348704002798,0.203981786966
1553437944999251741,1,0,0.0348704002798,0.203981786966
1553437945007086923,1,0,0.0348704002798,0.203981786966
1553437945014411904,1,0,0.0348704002798,0.203981786966
1553437945021839403,1,0,0.0321898587048,0.201724201441
1553437945030014426,1,0,0.0321898587048,0.201724201441
1553437945038121877,1,0,0.0321898587048,0.201724201441
1553437945044762799,1,0,0.0321898587048,0.201724201441
1553437945055782564,1,0,0.0321898587048,0.201724201441
1553437945067002543,1,0,0.0321898587048,0.201724201441
1553437945078063726,1,0,0.0321898587048,0.201724201441
1553437945089256611,1,0,0.0321898587048,0.201724201441
1553437945100364559,1,0,0.0321898587048,0.201724201441
1553437945112215507,1,0,0.0321898587048,0.201724201441
1553437945122966712,1,0,0.0273184057325,0.198257133365
1553437945134631128,1,0,0.0273184057325,0.198257133365
1553437945145954017,1,0,0.0273184057325,0.198257133365
1553437945157279459,1,0,0.0273184057325,0.198257133365
1553437945168373458,1,0,0.0273184057325,0.198257133365
1553437945179782511,1,0,0.0273184057325,0.198257133365
1553437945211250393,1,0,0.0273184057325,0.198257133365
1553437945224246896,1,0,0.0273184057325,0.198257133365
1553437945234847361,1,0,0.0294062685221,0.192398935556
1553437945243122064,1,0,0.0294062685221,0.192398935556
1553437945251790568,1,0,0.0294062685221,0.192398935556
1553437945259642384,1,0,0.0294062685221,0.192398935556
1553437945267128159,1,0,0.0294062685221,0.192398935556
1553437945277498605,1,0,0.0294062685221,0.192398935556
1553437945285407155,1,0,0.0294062685221,0.192398935556
1553437945292798745,1,0,0.0294062685221,0.192398935556
1553437945300195887,1,0,0.0294062685221,0.192398935556
1553437945310894600,1,0,0.0294062685221,0.192398935556
1553437945321596727,1,0,0.0367119733244,0.183836132288
1553437945332823000,1,0,0.0367119733244,0.183836132288
1553437945340616784,1,0,0.0367119733244,0.183836132288
1553437945347733033,1,0,0.0367119733244,0.183836132288
1553437945358439444,1,0,0.0367119733244,0.183836132288
1553437945369087622,1,0,0.0367119733244,0.183836132288
1553437945380972932,1,0,0.0367119733244,0.183836132288
1553437945392714099,1,0,0.0367119733244,0.183836132288
1553437945399641039,1,0,0.0367119733244,0.183836132288
1553437945407827373,1,0,0.0367119733244,0.183836132288
1553437945415169910,1,0,0.0367119733244,0.183836132288
1553437945421872779,1,0,0.0233475282788,0.176071554422
1553437945432750334,1,0,0.0233475282788,0.176071554422
1553437945444087826,1,0,0.0233475282788,0.176071554422
1553437945452319406,1,0,0.0233475282788,0.176071554422
1553437945460116895,1,0,0.0233475282788,0.176071554422
1553437945466854899,1,0,0.0233475282788,0.176071554422
1553437945477360995,1,0,0.0233475282788,0.176071554422
1553437945488439715,1,0,0.0233475282788,0.176071554422
1553437945499606250,1,0,0.0233475282788,0.176071554422
1553437945511223124,1,0,0.0233475282788,0.176071554422
1553437945523026729,1,0,0.00428782063536,0.1713450104
1553437945534508705,1,0,0.00428782063536,0.1713450104
1553437945545898272,1,0,0.00428782063536,0.1713450104
1553437945557246804,1,0,0.00428782063536,0.1713450104
1553437945568414693,1,0,0.00428782063536,0.1713450104
1553437945579832235,1,0,0.00428782063536,0.1713450104
1553437945591242434,1,0,0.00428782063536,0.1713450104
1553437945603172754,1,0,0.00428782063536,0.1713450104
1553437945614553234,1,0,0.00428782063536,0.1713450104
1553437945622184119,1,0,0.000907811732031,0.158549576998
1553437945630325333,1,0,0.000907811732031,0.158549576998
1553437945638768625,1,0,0.000907811732031,0.158549576998
1553437945646390860,1,0,0.000907811732031,0.158549576998
1553437945657421864,1,0,0.000907811732031,0.158549576998
1553437945668190881,1,0,0.000907811732031,0.158549576998
1553437945679514395,1,0,0.000907811732031,0.158549576998
1553437945690900543,1,0,0.000907811732031,0.158549576998
1553437945702694808,1,0,0.000907811732031,0.158549576998
1553437945713753670,1,0,0.000907811732031,0.158549576998
1553437945725340189,1,0,-0.00173176086973,0.15860119462
1553437945735978649,1,0,-0.00173176086973,0.15860119462
1553437945748203796,1,0,-0.00173176086973,0.15860119462
1553437945755198181,1,0,-0.00173176086973,0.15860119462
1553437945766516247,1,0,-0.00173176086973,0.15860119462
1553437945774352269,1,0,-0.00173176086973,0.15860119462
1553437945782236769,1,0,-0.00173176086973,0.15860119462
1553437945789449756,1,0,-0.00173176086973,0.15860119462
1553437945800012491,1,0,-0.00173176086973,0.15860119462
1553437945811228761,1,0,-0.00173176086973,0.15860119462
1553437945822572083,1,0,-0.0157089658082,0.164566755295
1553437945833773096,1,0,-0.0157089658082,0.164566755295
1553437945845514195,1,0,-0.0157089658082,0.164566755295
1553437945856711502,1,0,-0.0157089658082,0.164566755295
1553437945868314223,1,0,-0.0157089658082,0.164566755295
1553437945879375665,1,0,-0.0157089658082,0.164566755295
1553437945890815762,1,0,-0.0157089658082,0.164566755295
1553437945902544623,1,0,-0.0157089658082,0.164566755295
1553437945913638628,1,0,-0.0157089658082,0.164566755295
1553437945925380688,1,0,-0.0307741522789,0.173259705305
1553437945936527333,1,0,-0.0307741522789,0.173259705305
1553437945947903651,1,0,-0.0307741522789,0.173259705305
1553437945955386544,1,0,-0.0307741522789,0.173259705305
1553437945963660143,1,0,-0.0307741522789,0.173259705305
1553437945971828983,1,0,-0.0307741522789,0.173259705305
1553437945979403623,1,0,-0.0307741522789,0.173259705305
1553437945990217950,1,0,-0.0307741522789,0.173259705305
1553437946001652107,1,0,-0.0307741522789,0.173259705305
1553437946012439645,1,0,-0.0307741522789,0.173259705305
1553437946024140077,1,0,-0.0360131349415,0.181325674057
1553437946054141178,1,0,-0.0360131349415,0.181325674057
1553437946066166340,1,0,-0.0360131349415,0.181325674057
1553437946075234875,1,0,-0.0360131349415,0.181325674057
1553437946083230919,1,0,-0.0360131349415,0.181325674057
1553437946090523110,1,0,-0.0360131349415,0.181325674057
1553437946101345933,1,0,-0.0360131349415,0.181325674057
1553437946112419726,1,0,-0.0360131349415,0.181325674057
1553437946123280389,1,0,-0.0413490615785,0.189061120152
1553437946135016551,1,0,-0.0413490615785,0.189061120152
1553437946146137465,1,0,-0.0413490615785,0.189061120152
1553437946157599309,1,0,-0.0413490615785,0.189061120152
1553437946168826404,1,0,-0.0413490615785,0.189061120152
1553437946180551041,1,0,-0.0413490615785,0.189061120152
1553437946192323404,1,0,-0.0413490615785,0.189061120152
1553437946203458299,1,0,-0.0413490615785,0.189061120152
1553437946213882500,1,0,-0.0413490615785,0.189061120152
1553437946227079752,1,0,-0.0365021888167,0.206011384726
1553437946233715458,1,0,-0.0365021888167,0.206011384726
1553437946245093745,1,0,-0.0365021888167,0.206011384726
1553437946255550028,1,0,-0.0365021888167,0.206011384726
1553437946266980044,1,0,-0.0365021888167,0.206011384726
1553437946278050058,1,0,-0.0365021888167,0.206011384726
1553437946307742312,1,0,-0.0365021888167,0.206011384726
1553437946320197207,1,0,-0.0365021888167,0.206011384726
1553437946329604509,1,0,-0.0302348531783,0.209555894136
1553437946337390821,1,0,-0.0302348531783,0.209555894136
1553437946344906720,1,0,-0.0302348531783,0.209555894136
1553437946355418413,1,0,-0.0302348531783,0.209555894136
1553437946366733558,1,0,-0.0302348531783,0.209555894136
1553437946374770835,1,0,-0.0302348531783,0.209555894136
1553437946382783440,1,0,-0.0302348531783,0.209555894136
1553437946389698344,1,0,-0.0302348531783,0.209555894136
1553437946400797256,1,0,-0.0302348531783,0.209555894136
1553437946411773342,1,0,-0.0302348531783,0.209555894136
1553437946422790916,1,0,-0.0339728549123,0.211507737637
1553437946434208500,1,0,-0.0339728549123,0.211507737637
1553437946444865085,1,0,-0.0339728549123,0.211507737637
1553437946456707770,1,0,-0.0339728549123,0.211507737637
1553437946467817873,1,0,-0.0339728549123,0.211507737637
1553437946479092132,1,0,-0.0339728549123,0.211507737637
1553437946511572510,1,0,-0.0339728549123,0.211507737637
1553437946524058546,1,0,-0.0339728549123,0.211507737637
1553437946532544587,1,0,-0.0402204345912,0.212222874165
1553437946541361391,1,0,-0.0402204345912,0.212222874165
1553437946549839858,1,0,-0.0402204345912,0.212222874165
1553437946557325304,1,0,-0.0402204345912,0.212222874165
1553437946567018092,1,0,-0.0402204345912,0.212222874165
1553437946578265779,1,0,-0.0402204345912,0.212222874165
1553437946589028814,1,0,-0.0402204345912,0.212222874165
1553437946600079189,1,0,-0.0402204345912,0.212222874165
1553437946611835164,1,0,-0.0402204345912,0.212222874165
1553437946623222247,1,0,-0.0440844796598,0.208854064345
1553437946655743988,1,0,-0.0440844796598,0.208854064345
1553437946677429795,1,0,-0.0440844796598,0.208854064345
1553437946687492518,1,0,-0.0440844796598,0.208854064345
1553437946695591041,1,0,-0.0440844796598,0.208854064345
1553437946702945954,1,0,-0.0440844796598,0.208854064345
1553437946713612358,1,0,-0.0440844796598,0.208854064345
1553437946725579812,1,0,-0.0353868767619,0.20255792141
1553437946736441358,1,0,-0.0353868767619,0.20255792141
1553437946747795511,1,0,-0.0353868767619,0.20255792141
1553437946754495110,1,0,-0.0353868767619,0.20255792141
1553437946762017470,1,0,-0.0353868767619,0.20255792141
1553437946768886448,1,0,-0.0353868767619,0.20255792141
1553437946802312958,1,0,-0.0353868767619,0.20255792141
1553437946816900076,1,0,-0.0353868767619,0.20255792141
1553437946826233056,1,0,-0.0190231675282,0.177432388067
1553437946833669189,1,0,-0.0190231675282,0.177432388067
1553437946841235221,1,0,-0.0190231675282,0.177432388067
1553437946848768926,1,0,-0.0190231675282,0.177432388067
1553437946855781242,1,0,-0.0190231675282,0.177432388067
1553437946866628100,1,0,-0.0190231675282,0.177432388067
1553437946877521796,1,0,-0.0190231675282,0.177432388067
1553437946889104148,1,0,-0.0190231675282,0.177432388067
1553437946900856093,1,0,-0.0190231675282,0.177432388067
1553437946913208761,1,0,-0.0190231675282,0.177432388067
1553437946924333835,1,0,-0.0224690947682,0.170557305217
1553437946935838330,1,0,-0.0224690947682,0.170557305217
1553437946946504570,1,0,-0.0224690947682,0.170557305217
1553437946958237176,1,0,-0.0224690947682,0.170557305217
1553437946968970581,1,0,-0.0224690947682,0.170557305217
1553437946981979363,1,0,-0.0224690947682,0.170557305217
1553437946989245680,1,0,-0.0224690947682,0.170557305217
1553437946996814128,1,0,-0.0224690947682,0.170557305217
1553437947004717486,1,0,-0.0224690947682,0.170557305217
1553437947011711350,1,0,-0.0224690947682,0.170557305217
1553437947022477502,1,0,-0.0273829933256,0.148379743099
1553437947033379155,1,0,-0.0273829933256,0.148379743099
1553437947044698468,1,0,-0.0273829933256,0.148379743099
1553437947056056725,1,0,-0.0273829933256,0.148379743099
1553437947089214334,1,0,-0.0273829933256,0.148379743099
1553437947103128283,1,0,-0.0273829933256,0.148379743099
1553437947112508705,1,0,-0.0273829933256,0.148379743099
1553437947120101622,1,0,-0.0273829933256,0.148379743099
1553437947128137772,1,0,-0.0225730378181,0.140615671873
1553437947135325170,1,0,-0.0225730378181,0.140615671873
1553437947147117131,1,0,-0.0225730378181,0.140615671873
1553437947158573048,1,0,-0.0225730378181,0.140615671873
1553437947169067418,1,0,-0.0225730378181,0.140615671873
1553437947181347317,1,0,-0.0225730378181,0.140615671873
1553437947188507325,1,0,-0.0225730378181,0.140615671873
1553437947196457562,1,0,-0.0225730378181,0.140615671873
1553437947205086798,1,0,-0.0225730378181,0.140615671873
1553437947212257606,1,0,-0.0225730378181,0.140615671873
1553437947222765210,1,0,-0.0111779915169,0.134422779083
1553437947233399488,1,0,-0.0111779915169,0.134422779083
1553437947244818733,1,0,-0.0111779915169,0.134422779083
1553437947256415905,1,0,-0.0111779915169,0.134422779083
1553437947267535829,1,0,-0.0111779915169,0.134422779083
1553437947278811328,1,0,-0.0111779915169,0.134422779083
1553437947290208589,1,0,-0.0111779915169,0.134422779083
1553437947302014678,1,0,-0.0111779915169,0.134422779083
1553437947312954310,1,0,-0.0111779915169,0.134422779083
1553437947324579181,1,0,0.00525496299379,0.131168931723
1553437947335624285,1,0,0.00525496299379,0.131168931723
1553437947348278045,1,0,0.00525496299379,0.131168931723
1553437947354678410,1,0,0.00525496299379,0.131168931723
1553437947365825359,1,0,0.00525496299379,0.131168931723
1553437947373505956,1,0,0.00525496299379,0.131168931723
1553437947380230914,1,0,0.00525496299379,0.131168931723
1553437947412622121,1,0,0.00525496299379,0.131168931723
1553437947425617113,1,0,0.00525496299379,0.131168931723
1553437947434817053,1,0,0.0102633950301,0.113166242838
1553437947442503539,1,0,0.0102633950301,0.113166242838
1553437947450989927,1,0,0.0102633950301,0.113166242838
1553437947459748725,1,0,0.0102633950301,0.113166242838
1553437947467029393,1,0,0.0102633950301,0.113166242838
1553437947475258771,1,0,0.0102633950301,0.113166242838
1553437947483269140,1,0,0.0102633950301,0.113166242838
1553437947490714791,1,0,0.0102633950301,0.113166242838
1553437947502352580,1,0,0.0102633950301,0.113166242838
1553437947512992010,1,0,0.0102633950301,0.113166242838
1553437947524697295,1,0,0.0101798018441,0.131557479501
1553437947535519103,1,0,0.0101798018441,0.131557479501
1553437947548983910,1,0,0.0101798018441,0.131557479501
1553437947556008329,1,0,0.0101798018441,0.131557479501
1553437947564039390,1,0,0.0101798018441,0.131557479501
1553437947572574312,1,0,0.0101798018441,0.131557479501
1553437947580471655,1,0,0.0101798018441,0.131557479501
1553437947591069123,1,0,0.0101798018441,0.131557479501
1553437947603436132,1,0,0.0101798018441,0.131557479501
1553437947611109622,1,0,0.0101798018441,0.131557479501
1553437947619168368,1,0,0.0101798018441,0.131557479501
1553437947626838923,1,0,0.0137008648366,0.13360580802
1553437947633670009,1,0,0.0137008648366,0.13360580802
1553437947644911647,1,0,0.0137008648366,0.13360580802
1553437947655778117,1,0,0.0137008648366,0.13360580802
1553437947667020176,1,0,0.0137008648366,0.13360580802
1553437947678578360,1,0,0.0137008648366,0.13360580802
1553437947690122330,1,0,0.0137008648366,0.13360580802
1553437947701565751,1,0,0.0137008648366,0.13360580802
1553437947712792320,1,0,0.0137008648366,0.13360580802
1553437947724579018,1,0,0.0215815121308,0.136882901192
1553437947735367029,1,0,0.0215815121308,0.136882901192
1553437947747714007,1,0,0.0215815121308,0.136882901192
1553437947759344994,1,0,0.0215815121308,0.136882901192
1553437947766326008,1,0,0.0215815121308,0.136882901192
1553437947773846828,1,0,0.0215815121308,0.136882901192
1553437947782010715,1,0,0.0215815121308,0.136882901192
1553437947788887061,1,0,0.0215815121308,0.136882901192
1553437947799685057,1,0,0.0215815121308,0.136882901192
1553437947810479251,1,0,0.0215815121308,0.136882901192
1553437947821949222,1,0,0.0242585971951,0.141366764903
1553437947832985397,1,0,0.0242585971951,0.141366764903
1553437947844390486,1,0,0.0242585971951,0.141366764903
1553437947855554633,1,0,0.0242585971951,0.141366764903
1553437947866787845,1,0,0.0242585971951,0.141366764903
1553437947878099326,1,0,0.0242585971951,0.141366764903
1553437947889992884,1,0,0.0242585971951,0.141366764903
1553437947900671443,1,0,0.0242585971951,0.141366764903
1553437947913034149,1,0,0.0242585971951,0.141366764903
1553437947923797539,1,0,0.0217442549765,0.16396792233
1553437947935310897,1,0,0.0217442549765,0.16396792233
1553437947946670012,1,0,0.0217442549765,0.16396792233
1553437947958023468,1,0,0.0217442549765,0.16396792233
1553437947969171594,1,0,0.0217442549765,0.16396792233
1553437947981125296,1,0,0.0217442549765,0.16396792233
1553437947992313578,1,0,0.0217442549765,0.16396792233
1553437947999315590,1,0,0.0217442549765,0.16396792233
1553437948007998033,1,0,0.0217442549765,0.16396792233
1553437948015598119,1,0,0.0217442549765,0.16396792233
1553437948022184768,1,0,0.0238593161106,0.169875144958
1553437948033148635,1,0,0.0238593161106,0.169875144958
1553437948044022893,1,0,0.0238593161106,0.169875144958
1553437948054970936,1,0,0.0238593161106,0.169875144958
1553437948066475066,1,0,0.0238593161106,0.169875144958
1553437948078025364,1,0,0.0238593161106,0.169875144958
1553437948089325839,1,0,0.0238593161106,0.169875144958
1553437948100787518,1,0,0.0238593161106,0.169875144958
1553437948112122977,1,0,0.0238593161106,0.169875144958
1553437948123799461,1,0,0.031481872499,0.17358532548
1553437948135107863,1,0,0.031481872499,0.17358532548
1553437948146722873,1,0,0.031481872499,0.17358532548
1553437948159517303,1,0,0.031481872499,0.17358532548
1553437948166364802,1,0,0.031481872499,0.17358532548
1553437948174034646,1,0,0.031481872499,0.17358532548
1553437948181138041,1,0,0.031481872499,0.17358532548
1553437948191679771,1,0,0.031481872499,0.17358532548
1553437948203133922,1,0,0.031481872499,0.17358532548
1553437948214350434,1,0,0.031481872499,0.17358532548
1553437948224875211,1,0,0.0323571637273,0.195907145739
1553437948236384152,1,0,0.0323571637273,0.195907145739
1553437948247873017,1,0,0.0323571637273,0.195907145739
1553437948258830646,1,0,0.0323571637273,0.195907145739
1553437948270336242,1,0,0.0323571637273,0.195907145739
1553437948276979483,1,0,0.0323571637273,0.195907145739
1553437948284342162,1,0,0.0323571637273,0.195907145739
1553437948290516401,1,0,0.0323571637273,0.195907145739
1553437948302699115,1,0,0.0323571637273,0.195907145739
1553437948312863085,1,0,0.0323571637273,0.195907145739
1553437948325421844,1,0,0.027418179065,0.200422778726
1553437948337121425,1,0,0.027418179065,0.200422778726
1553437948344006839,1,0,0.027418179065,0.200422778726
1553437948351233937,1,0,0.027418179065,0.200422778726
1553437948357915711,1,0,0.027418179065,0.200422778726
1553437948370275634,1,0,0.027418179065,0.200422778726
1553437948376856820,1,0,0.027418179065,0.200422778726
1553437948384531149,1,0,0.027418179065,0.200422778726
1553437948390977309,1,0,0.027418179065,0.200422778726
1553437948402772168,1,0,0.027418179065,0.200422778726
1553437948414306346,1,0,0.027418179065,0.200422778726
1553437948425762294,1,0,0.0283374127001,0.202827423811
1553437948432563523,1,0,0.0283374127001,0.202827423811
1553437948439942868,1,0,0.0283374127001,0.202827423811
1553437948446613681,1,0,0.0283374127001,0.202827423811
1553437948458210021,1,0,0.0283374127001,0.202827423811
1553437948469410944,1,0,0.0283374127001,0.202827423811
1553437948481093077,1,0,0.0283374127001,0.202827423811
1553437948492624834,1,0,0.0283374127001,0.202827423811
1553437948499505291,1,0,0.0283374127001,0.202827423811
1553437948507608185,1,0,0.0283374127001,0.202827423811
1553437948514822680,1,0,0.0283374127001,0.202827423811
1553437948521624595,1,0,0.0369155019522,0.205029696226
1553437948530042620,1,0,0.0369155019522,0.205029696226
1553437948537758011,1,0,0.0369155019522,0.205029696226
1553437948544241989,1,0,0.0369155019522,0.205029696226
1553437948554792179,1,0,0.0369155019522,0.205029696226
1553437948565380300,1,0,0.0369155019522,0.205029696226
1553437948572927390,1,0,0.0369155019522,0.205029696226
1553437948579619106,1,0,0.0369155019522,0.205029696226
1553437948592191994,1,0,0.0369155019522,0.205029696226
1553437948599359825,1,0,0.0369155019522,0.205029696226
1553437948607826584,1,0,0.0369155019522,0.205029696226
1553437948615922203,1,0,0.0369155019522,0.205029696226
1553437948622596576,1,0,0.0353966269642,0.202535808086
1553437948633595291,1,0,0.0353966269642,0.202535808086
1553437948644453231,1,0,0.0353966269642,0.202535808086
1553437948655842344,1,0,0.0353966269642,0.202535808086
1553437948667701383,1,0,0.0353966269642,0.202535808086
1553437948678633972,1,0,0.0353966269642,0.202535808086
1553437948690144795,1,0,0.0353966269642,0.202535808086
1553437948701694505,1,0,0.0353966269642,0.202535808086
1553437948712853303,1,0,0.0353966269642,0.202535808086
1553437948724720125,1,0,0.0274618711323,0.198503494263
1553437948736474346,1,0,0.0274618711323,0.198503494263
1553437948748469357,1,0,0.0274618711323,0.198503494263
1553437948755304186,1,0,0.0274618711323,0.198503494263
1553437948766455107,1,0,0.0274618711323,0.198503494263
1553437948777910371,1,0,0.0274618711323,0.198503494263
1553437948788853619,1,0,0.0274618711323,0.198503494263
1553437948800451535,1,0,0.0274618711323,0.198503494263
1553437948811724536,1,0,0.0274618711323,0.198503494263
1553437948823183246,1,0,0.032630816102,0.191521659493
1553437948834294784,1,0,0.032630816102,0.191521659493
1553437948845975223,1,0,0.032630816102,0.191521659493
1553437948857384281,1,0,0.032630816102,0.191521659493
1553437948869135366,1,0,0.032630816102,0.191521659493
1553437948880277336,1,0,0.032630816102,0.191521659493
1553437948892139781,1,0,0.032630816102,0.191521659493
1553437948903838168,1,0,0.032630816102,0.191521659493
1553437948911200972,1,0,0.032630816102,0.191521659493
1553437948919005000,1,0,0.032630816102,0.191521659493
1553437948926609057,1,0,0.0355133868754,0.171029269695
1553437948933508693,1,0,0.0355133868754,0.171029269695
1553437948944525052,1,0,0.0355133868754,0.171029269695
1553437948955778587,1,0,0.0355133868754,0.171029269695
1553437948966946838,1,0,0.0355133868754,0.171029269695
1553437948978295289,1,0,0.0355133868754,0.171029269695
1553437948989383904,1,0,0.0355133868754,0.171029269695
1553437949001070201,1,0,0.0355133868754,0.171029269695
1553437949011863285,1,0,0.0355133868754,0.171029269695
1553437949024421444,1,0,0.0197169652209,0.174050867558
1553437949035790092,1,0,0.0197169652209,0.174050867558
1553437949047687537,1,0,0.0197169652209,0.174050867558
1553437949058708189,1,0,0.0197169652209,0.174050867558
1553437949070083713,1,0,0.0197169652209,0.174050867558
1553437949098420095,1,0,0.0197169652209,0.174050867558
1553437949110231517,1,0,0.0197169652209,0.174050867558
1553437949119313802,1,0,0.0197169652209,0.174050867558
1553437949127190947,1,0,-0.00339907431044,0.163135111332
1553437949134282014,1,0,-0.00339907431044,0.163135111332
1553437949145320931,1,0,-0.00339907431044,0.163135111332
1553437949155835594,1,0,-0.00339907431044,0.163135111332
1553437949180883680,1,0,-0.00339907431044,0.163135111332
1553437949191330117,1,0,-0.00339907431044,0.163135111332
1553437949199599062,1,0,-0.00339907431044,0.163135111332
1553437949208076358,1,0,-0.00339907431044,0.163135111332
1553437949217044601,1,0,-0.00339907431044,0.163135111332
1553437949225126862,1,0,-0.0130673924461,0.164526760578
1553437949235749336,1,0,-0.0130673924461,0.164526760578
1553437949246813241,1,0,-0.0130673924461,0.164526760578
1553437949258095414,1,0,-0.0130673924461,0.164526760578
1553437949269754618,1,0,-0.0130673924461,0.164526760578
1553437949281050293,1,0,-0.0130673924461,0.164526760578
1553437949288699259,1,0,-0.0130673924461,0.164526760578
1553437949296865471,1,0,-0.0130673924461,0.164526760578
1553437949305817449,1,0,-0.0130673924461,0.164526760578
1553437949313318272,1,0,-0.0130673924461,0.164526760578
1553437949323932956,1,0,-0.0139418518171,0.16644385457
1553437949337132213,1,0,-0.0139418518171,0.16644385457
1553437949364293298,1,0,-0.0139418518171,0.16644385457
1553437949375675037,1,0,-0.0139418518171,0.16644385457
1553437949384748816,1,0,-0.0139418518171,0.16644385457
1553437949393106430,1,0,-0.0139418518171,0.16644385457
1553437949401333784,1,0,-0.0139418518171,0.16644385457
1553437949410388298,1,0,-0.0139418518171,0.16644385457
1553437949419107320,1,0,-0.0139418518171,0.16644385457
1553437949426895723,1,0,-0.0167254967615,0.171196758747
1553437949433625211,1,0,-0.0167254967615,0.171196758747
1553437949444742507,1,0,-0.0167254967615,0.171196758747
1553437949455756487,1,0,-0.0167254967615,0.171196758747
1553437949466832420,1,0,-0.0167254967615,0.171196758747
1553437949477786974,1,0,-0.0167254967615,0.171196758747
1553437949489403930,1,0,-0.0167254967615,0.171196758747
1553437949500952246,1,0,-0.0167254967615,0.171196758747
1553437949512382246,1,0,-0.0167254967615,0.171196758747
1553437949523384978,1,0,-0.0215860104188,0.176241159439
1553437949534544591,1,0,-0.0215860104188,0.176241159439
1553437949545696329,1,0,-0.0215860104188,0.176241159439
1553437949557186345,1,0,-0.0215860104188,0.176241159439
1553437949568342164,1,0,-0.0215860104188,0.176241159439
1553437949580284542,1,0,-0.0215860104188,0.176241159439
1553437949591199862,1,0,-0.0215860104188,0.176241159439
1553437949603842371,1,0,-0.0215860104188,0.176241159439
1553437949611082600,1,0,-0.0215860104188,0.176241159439
1553437949618967191,1,0,-0.0215860104188,0.176241159439
1553437949626469573,1,0,-0.0269481040537,0.182404831052
1553437949633469026,1,0,-0.0269481040537,0.182404831052
1553437949644733924,1,0,-0.0269481040537,0.182404831052
1553437949655678638,1,0,-0.0269481040537,0.182404831052
1553437949667056532,1,0,-0.0269481040537,0.182404831052
1553437949678250735,1,0,-0.0269481040537,0.182404831052
1553437949689668810,1,0,-0.0269481040537,0.182404831052
1553437949701135187,1,0,-0.0269481040537,0.182404831052
1553437949712452680,1,0,-0.0269481040537,0.182404831052
1553437949724310802,1,0,-0.0300920318812,0.199166119099
1553437949735256590,1,0,-0.0300920318812,0.199166119099
1553437949747497235,1,0,-0.0300920318812,0.199166119099
1553437949759454661,1,0,-0.0300920318812,0.199166119099
1553437949766386370,1,0,-0.0300920318812,0.199166119099
1553437949777571152,1,0,-0.0300920318812,0.199166119099
1553437949789327354,1,0,-0.0300920318812,0.199166119099
1553437949800188415,1,0,-0.0300920318812,0.199166119099
1553437949811383399,1,0,-0.0300920318812,0.199166119099
1553437949822658639,1,0,-0.029552026093,0.204214423895
1553437949834080118,1,0,-0.029552026093,0.204214423895
1553437949845544386,1,0,-0.029552026093,0.204214423895
1553437949857098070,1,0,-0.029552026093,0.204214423895
1553437949868459934,1,0,-0.029552026093,0.204214423895
1553437949879702566,1,0,-0.029552026093,0.204214423895
1553437949891643139,1,0,-0.029552026093,0.204214423895
1553437949902445548,1,0,-0.029552026093,0.204214423895
1553437949914558204,1,0,-0.029552026093,0.204214423895
1553437949925338588,1,0,-0.0292212363333,0.208457946777
1553437949937234963,1,0,-0.0292212363333,0.208457946777
1553437949944184352,1,0,-0.0292212363333,0.208457946777
1553437949952093282,1,0,-0.0292212363333,0.208457946777
1553437949959573413,1,0,-0.0292212363333,0.208457946777
1553437949966011609,1,0,-0.0292212363333,0.208457946777
1553437949977474188,1,0,-0.0292212363333,0.208457946777
1553437949988342653,1,0,-0.0292212363333,0.208457946777
1553437949996127636,1,0,-0.0292212363333,0.208457946777
1553437950005148418,1,0,-0.0292212363333,0.208457946777
1553437950012086121,1,0,-0.0292212363333,0.208457946777
1553437950022898466,1,0,-0.0281986907125,0.210578367114
1553437950033901906,1,0,-0.0281986907125,0.210578367114
1553437950044815122,1,0,-0.0281986907125,0.210578367114
1553437950055984976,1,0,-0.0281986907125,0.210578367114
1553437950084735708,1,0,-0.0281986907125,0.210578367114
1553437950097210776,1,0,-0.0281986907125,0.210578367114
1553437950108023413,1,0,-0.0281986907125,0.210578367114
1553437950116768093,1,0,-0.0281986907125,0.210578367114
1553437950124050304,1,0,-0.0291714683175,0.211497604847
1553437950135207555,1,0,-0.0291714683175,0.211497604847
1553437950145507546,1,0,-0.0291714683175,0.211497604847
1553437950157493240,1,0,-0.0291714683175,0.211497604847
1553437950168456355,1,0,-0.0291714683175,0.211497604847
1553437950180076473,1,0,-0.0291714683175,0.211497604847
1553437950191411249,1,0,-0.0291714683175,0.211497604847
1553437950222757932,1,0,-0.0291714683175,0.211497604847
1553437950236551711,1,0,-0.0331424161792,0.21192753315
1553437950245434236,1,0,-0.0331424161792,0.21192753315
1553437950253445965,1,0,-0.0331424161792,0.21192753315
1553437950261893784,1,0,-0.0331424161792,0.21192753315
1553437950269090754,1,0,-0.0331424161792,0.21192753315
1553437950280631375,1,0,-0.0331424161792,0.21192753315
1553437950290912548,1,0,-0.0331424161792,0.21192753315
1553437950322062933,1,0,-0.0331424161792,0.21192753315
1553437950334577041,1,0,-0.0389293581247,0.208491489291
1553437950343145046,1,0,-0.0389293581247,0.208491489291
1553437950351257837,1,0,-0.0389293581247,0.208491489291
1553437950358061931,1,0,-0.0389293581247,0.208491489291
1553437950368999882,1,0,-0.0389293581247,0.208491489291
1553437950380469167,1,0,-0.0389293581247,0.208491489291
1553437950391907124,1,0,-0.0389293581247,0.208491489291
1553437950405302278,1,0,-0.0389293581247,0.208491489291
1553437950411764195,1,0,-0.0389293581247,0.208491489291
1553437950423488836,1,0,-0.0292610768229,0.20308727026
1553437950433699550,1,0,-0.0292610768229,0.20308727026
1553437950445384427,1,0,-0.0292610768229,0.20308727026
1553437950456455444,1,0,-0.0292610768229,0.20308727026
1553437950468290312,1,0,-0.0292610768229,0.20308727026
1553437950479270443,1,0,-0.0292610768229,0.20308727026
1553437950490929648,1,0,-0.0292610768229,0.20308727026
1553437950502325479,1,0,-0.0292610768229,0.20308727026
1553437950513931162,1,0,-0.0292610768229,0.20308727026
1553437950526004401,1,0,-0.0188830139115,0.179244428873
1553437950532871005,1,0,-0.0188830139115,0.179244428873
1553437950543872932,1,0,-0.0188830139115,0.179244428873
1553437950551437351,1,0,-0.0188830139115,0.179244428873
1553437950558591471,1,0,-0.0188830139115,0.179244428873
1553437950568611168,1,0,-0.0188830139115,0.179244428873
1553437950578867126,1,0,-0.0188830139115,0.179244428873
1553437950590618647,1,0,-0.0188830139115,0.179244428873
1553437950602294153,1,0,-0.0188830139115,0.179244428873
1553437950613134442,1,0,-0.0188830139115,0.179244428873
1553437950625087985,1,0,-0.0187133958563,0.173416525126
1553437950635500394,1,0,-0.0187133958563,0.173416525126
1553437950648179273,1,0,-0.0187133958563,0.173416525126
1553437950659777756,1,0,-0.0187133958563,0.173416525126
1553437950666603547,1,0,-0.0187133958563,0.173416525126
1553437950674703235,1,0,-0.0187133958563,0.173416525126
1553437950682089081,1,0,-0.0187133958563,0.173416525126
1553437950688740682,1,0,-0.0187133958563,0.173416525126
1553437950699597034,1,0,-0.0187133958563,0.173416525126
1553437950710467067,1,0,-0.0187133958563,0.173416525126
1553437950721484065,1,0,-0.0234732300043,0.168609142303
1553437950732753019,1,0,-0.0234732300043,0.168609142303
1553437950744068402,1,0,-0.0234732300043,0.168609142303
1553437950755606088,1,0,-0.0234732300043,0.168609142303
1553437950766692205,1,0,-0.0234732300043,0.168609142303
1553437950778116296,1,0,-0.0234732300043,0.168609142303
1553437950789273059,1,0,-0.0234732300043,0.168609142303
1553437950800482348,1,0,-0.0234732300043,0.168609142303
1553437950812304121,1,0,-0.0234732300043,0.168609142303
1553437950823700084,1,0,-0.0150659844279,0.144156843424
1553437950835097206,1,0,-0.0150659844279,0.144156843424
1553437950846194176,1,0,-0.0150659844279,0.144156843424
1553437950857884714,1,0,-0.0150659844279,0.144156843424
1553437950884473751,1,0,-0.0150659844279,0.144156843424
1553437950894911190,1,0,-0.0150659844279,0.144156843424
1553437950903826183,1,0,-0.0150659844279,0.144156843424
1553437950911786726,1,0,-0.0150659844279,0.144156843424
1553437950919421367,1,0,-0.0150659844279,0.144156843424
1553437950927403596,1,0,0.000746287580114,0.141165465117
1553437950934650402,1,0,0.000746287580114,0.141165465117
1553437950945870819,1,0,0.000746287580114,0.141165465117
1553437950956496537,1,0,0.000746287580114,0.141165465117
1553437950967756959,1,0,0.000746287580114,0.141165465117
1553437950979050905,1,0,0.000746287580114,0.141165465117
1553437950990235729,1,0,0.000746287580114,0.141165465117
1553437951001813711,1,0,0.000746287580114,0.141165465117
1553437951012869175,1,0,0.000746287580114,0.141165465117
1553437951025635501,1,0,0.00924762357026,0.140184104443
1553437951034491957,1,0,0.00924762357026,0.140184104443
1553437951042770924,1,0,0.00924762357026,0.140184104443
1553437951051703487,1,0,0.00924762357026,0.140184104443
1553437951059988244,1,0,0.00924762357026,0.140184104443
1553437951067921174,1,0,0.00924762357026,0.140184104443
1553437951078745834,1,0,0.00924762357026,0.140184104443
1553437951087416598,1,0,0.00924762357026,0.140184104443
1553437951096597403,1,0,0.00924762357026,0.140184104443
1553437951106620150,1,0,0.00924762357026,0.140184104443
1553437951115660400,1,0,0.00924762357026,0.140184104443
1553437951123050055,1,0,0.0115629667416,0.160207957029
1553437951134269077,1,0,0.0115629667416,0.160207957029
1553437951145440055,1,0,0.0115629667416,0.160207957029
1553437951156583552,1,0,0.0115629667416,0.160207957029
1553437951168094361,1,0,0.0115629667416,0.160207957029
1553437951178738707,1,0,0.0115629667416,0.160207957029
1553437951190211726,1,0,0.0115629667416,0.160207957029
1553437951202294923,1,0,0.0115629667416,0.160207957029
1553437951213057025,1,0,0.0115629667416,0.160207957029
1553437951224281698,1,0,0.00944372806698,0.143503531814
1553437951235286314,1,0,0.00944372806698,0.143503531814
1553437951246730621,1,0,0.00944372806698,0.143503531814
1553437951257733916,1,0,0.00944372806698,0.143503531814
1553437951288364888,1,0,0.00944372806698,0.143503531814
1553437951301176015,1,0,0.00944372806698,0.143503531814
1553437951310496395,1,0,0.00944372806698,0.143503531814
1553437951318664305,1,0,0.00944372806698,0.143503531814
1553437951326963162,1,0,0.0176642386243,0.163336127996
1553437951334127113,1,0,0.0176642386243,0.163336127996
1553437951344682343,1,0,0.0176642386243,0.163336127996
1553437951355551511,1,0,0.0176642386243,0.163336127996
1553437951366800195,1,0,0.0176642386243,0.163336127996
1553437951378814660,1,0,0.0176642386243,0.163336127996
1553437951389942704,1,0,0.0176642386243,0.163336127996
1553437951402286502,1,0,0.0176642386243,0.163336127996
1553437951412582564,1,0,0.0176642386243,0.163336127996
1553437951424918672,1,0,0.0264606069773,0.16677826643
1553437951435134107,1,0,0.0264606069773,0.16677826643
1553437951446702331,1,0,0.0264606069773,0.16677826643
1553437951457442253,1,0,0.0264606069773,0.16677826643
1553437951469169008,1,0,0.0264606069773,0.16677826643
1553437951481401732,1,0,0.0264606069773,0.16677826643
1553437951488347683,1,0,0.0264606069773,0.16677826643
1553437951496012102,1,0,0.0264606069773,0.16677826643
1553437951503583074,1,0,0.0264606069773,0.16677826643
1553437951511012504,1,0,0.0264606069773,0.16677826643
1553437951518662567,1,0,0.0264606069773,0.16677826643
1553437951526774365,1,0,0.0282666265965,0.170440122485
1553437951533768582,1,0,0.0282666265965,0.170440122485
1553437951544709420,1,0,0.0282666265965,0.170440122485
1553437951555433764,1,0,0.0282666265965,0.170440122485
1553437951566543253,1,0,0.0282666265965,0.170440122485
1553437951578091947,1,0,0.0282666265965,0.170440122485
1553437951589143895,1,0,0.0282666265965,0.170440122485
1553437951600295744,1,0,0.0282666265965,0.170440122485
1553437951612256299,1,0,0.0282666265965,0.170440122485
1553437951623232732,1,0,0.0222706303,0.175554066896
1553437951634588640,1,0,0.0222706303,0.175554066896
1553437951645948350,1,0,0.0222706303,0.175554066896
1553437951657195084,1,0,0.0222706303,0.175554066896
1553437951690370796,1,0,0.0222706303,0.175554066896
1553437951707863967,1,0,0.0222706303,0.175554066896
1553437951717764747,1,0,0.0222706303,0.175554066896
1553437951725884607,1,0,0.0232851233333,0.197297692299
1553437951732753256,1,0,0.0232851233333,0.197297692299
1553437951740343312,1,0,0.0232851233333,0.197297692299
1553437951749365550,1,0,0.0232851233333,0.197297692299
1553437951755866653,1,0,0.0232851233333,0.197297692299
1553437951766937678,1,0,0.0232851233333,0.197297692299
1553437951778308943,1,0,0.0232851233333,0.197297692299
1553437951789067719,1,0,0.0232851233333,0.197297692299
1553437951800447137,1,0,0.0232851233333,0.197297692299
1553437951811518687,1,0,0.0232851233333,0.197297692299
1553437951823254868,1,0,0.0323912438005,0.199720025063
1553437951834029584,1,0,0.0323912438005,0.199720025063
1553437951846132539,1,0,0.0323912438005,0.199720025063
1553437951856893970,1,0,0.0323912438005,0.199720025063
1553437951868459912,1,0,0.0323912438005,0.199720025063
1553437951879498292,1,0,0.0323912438005,0.199720025063
1553437951891431122,1,0,0.0323912438005,0.199720025063
1553437951902730624,1,0,0.0323912438005,0.199720025063
1553437951916394217,1,0,0.0323912438005,0.199720025063
1553437951922739136,1,0,0.0305941581726,0.202736929059
1553437951934436323,1,0,0.0305941581726,0.202736929059
1553437951944950082,1,0,0.0305941581726,0.202736929059
1553437951956654499,1,0,0.0305941581726,0.202736929059
1553437951967739513,1,0,0.0305941581726,0.202736929059
1553437951979320093,1,0,0.0305941581726,0.202736929059
1553437951990573342,1,0,0.0305941581726,0.202736929059
1553437952002373272,1,0,0.0305941581726,0.202736929059
1553437952014025530,1,0,0.0305941581726,0.202736929059
1553437952024846090,1,0,0.0350743617862,0.205305308104
1553437952036613480,1,0,0.0350743617862,0.205305308104
1553437952047413776,1,0,0.0350743617862,0.205305308104
1553437952058698944,1,0,0.0350743617862,0.205305308104
1553437952070145617,1,0,0.0350743617862,0.205305308104
1553437952081894822,1,0,0.0350743617862,0.205305308104
1553437952088401165,1,0,0.0350743617862,0.205305308104
1553437952099423090,1,0,0.0350743617862,0.205305308104
1553437952111046249,1,0,0.0350743617862,0.205305308104
1553437952122303620,1,0,0.0312066920102,0.204493939877
1553437952133574002,1,0,0.0312066920102,0.204493939877
1553437952144954331,1,0,0.0312066920102,0.204493939877
1553437952156656959,1,0,0.0312066920102,0.204493939877
1553437952168373850,1,0,0.0312066920102,0.204493939877
1553437952179965053,1,0,0.0312066920102,0.204493939877
1553437952191003720,1,0,0.0312066920102,0.204493939877
1553437952213255810,1,0,0.0312066920102,0.204493939877
1553437952223476838,1,0,0.0312066920102,0.204493939877
1553437952232228668,1,0,0.0229985211045,0.203059107065
1553437952240149031,1,0,0.0229985211045,0.203059107065
1553437952248111243,1,0,0.0229985211045,0.203059107065
1553437952276840412,1,0,0.0229985211045,0.203059107065
1553437952288839042,1,0,0.0229985211045,0.203059107065
1553437952297560389,1,0,0.0229985211045,0.203059107065
1553437952306155197,1,0,0.0229985211045,0.203059107065
1553437952313427873,1,0,0.0229985211045,0.203059107065
1553437952324864919,1,0,0.0338593129069,0.196481183171
1553437952335446365,1,0,0.0338593129069,0.196481183171
1553437952347937350,1,0,0.0338593129069,0.196481183171
1553437952378782531,1,0,0.0338593129069,0.196481183171
1553437952393141145,1,0,0.0338593129069,0.196481183171
1553437952405538084,1,0,0.0338593129069,0.196481183171
1553437952415162574,1,0,0.0338593129069,0.196481183171
1553437952422440942,1,0,0.0368749495596,0.190519303083
1553437952433444323,1,0,0.0368749495596,0.190519303083
1553437952441551289,1,0,0.0368749495596,0.190519303083
1553437952450406508,1,0,0.0368749495596,0.190519303083
1553437952457615667,1,0,0.0368749495596,0.190519303083
1553437952479038311,1,0,0.0368749495596,0.190519303083
1553437952490975190,1,0,0.0368749495596,0.190519303083
1553437952501485895,1,0,0.0368749495596,0.190519303083
1553437952510261522,1,0,0.0368749495596,0.190519303083
1553437952519006048,1,0,0.0368749495596,0.190519303083
1553437952526683636,1,0,0.0191847681999,0.186928614974
1553437952533624695,1,0,0.0191847681999,0.186928614974
1553437952544582021,1,0,0.0191847681999,0.186928614974
1553437952555888293,1,0,0.0191847681999,0.186928614974
1553437952567481903,1,0,0.0191847681999,0.186928614974
1553437952578971515,1,0,0.0191847681999,0.186928614974
1553437952590351161,1,0,0.0191847681999,0.186928614974
1553437952601870171,1,0,0.0191847681999,0.186928614974
1553437952612851048,1,0,0.0191847681999,0.186928614974
1553437952624823455,1,0,0.0032578072045,0.172733008862
1553437952635909154,1,0,0.0032578072045,0.172733008862
1553437952647789592,1,0,0.0032578072045,0.172733008862
1553437952659583884,1,0,0.0032578072045,0.172733008862
1553437952666626408,1,0,0.0032578072045,0.172733008862
1553437952674549421,1,0,0.0032578072045,0.172733008862
1553437952682069017,1,0,0.0032578072045,0.172733008862
1553437952689375619,1,0,0.0032578072045,0.172733008862
1553437952699962677,1,0,0.0032578072045,0.172733008862
1553437952711467964,1,0,0.0032578072045,0.172733008862
1553437952722445079,1,0,0.00756986774504,0.168506354094
1553437952733853770,1,0,0.00756986774504,0.168506354094
1553437952745166655,1,0,0.00756986774504,0.168506354094
1553437952757464822,1,0,0.00756986774504,0.168506354094
1553437952769464302,1,0,0.00756986774504,0.168506354094
1553437952780909972,1,0,0.00756986774504,0.168506354094
1553437952791436710,1,0,0.00756986774504,0.168506354094
1553437952801998268,1,0,0.00756986774504,0.168506354094
1553437952813234833,1,0,0.00756986774504,0.168506354094
1553437952824092995,1,0,0.00503189223818,0.168477028608
1553437952835631573,1,0,0.00503189223818,0.168477028608
1553437952847383068,1,0,0.00503189223818,0.168477028608
1553437952859018951,1,0,0.00503189223818,0.168477028608
1553437952870284894,1,0,0.00503189223818,0.168477028608
1553437952881625087,1,0,0.00503189223818,0.168477028608
1553437952888926530,1,0,0.00503189223818,0.168477028608
1553437952899675164,1,0,0.00503189223818,0.168477028608
1553437952931439847,1,0,0.00503189223818,0.168477028608
1553437952942075268,1,0,-0.00364785310812,0.170700982213
1553437952951117185,1,0,-0.00364785310812,0.170700982213
1553437952958346776,1,0,-0.00364785310812,0.170700982213
1553437952970071127,1,0,-0.00364785310812,0.170700982213
1553437952981388600,1,0,-0.00364785310812,0.170700982213
1553437952992143866,1,0,-0.00364785310812,0.170700982213
1553437953002831134,1,0,-0.00364785310812,0.170700982213
1553437953013360425,1,0,-0.00364785310812,0.170700982213
1553437953026294217,1,0,-0.0167697351426,0.186491668224
1553437953033396957,1,0,-0.0167697351426,0.186491668224
1553437953041769629,1,0,-0.0167697351426,0.186491668224
1553437953050479123,1,0,-0.0167697351426,0.186491668224
1553437953057485943,1,0,-0.0167697351426,0.186491668224
1553437953069575295,1,0,-0.0167697351426,0.186491668224
1553437953081648694,1,0,-0.0167697351426,0.186491668224
1553437953089173221,1,0,-0.0167697351426,0.186491668224
1553437953097150537,1,0,-0.0167697351426,0.186491668224
1553437953106317034,1,0,-0.0167697351426,0.186491668224
1553437953113560263,1,0,-0.0167697351426,0.186491668224
1553437953125831633,1,0,-0.0239571806043,0.181103080511
1553437953132996788,1,0,-0.0239571806043,0.181103080511
1553437953140943029,1,0,-0.0239571806043,0.181103080511
1553437953148613925,1,0,-0.0239571806043,0.181103080511
1553437953155689486,1,0,-0.0239571806043,0.181103080511
1553437953166161901,1,0,-0.0239571806043,0.181103080511
1553437953174035260,1,0,-0.0239571806043,0.181103080511
1553437953182417917,1,0,-0.0239571806043,0.181103080511
1553437953189452439,1,0,-0.0239571806043,0.181103080511
1553437953198193854,1,0,-0.0239571806043,0.181103080511
1553437953207342225,1,0,-0.0239571806043,0.181103080511
1553437953215572773,1,0,-0.0239571806043,0.181103080511
1553437953222497670,1,0,-0.024496242404,0.185075759888
1553437953233515662,1,0,-0.024496242404,0.185075759888
1553437953241211158,1,0,-0.024496242404,0.185075759888
1553437953249007023,1,0,-0.024496242404,0.185075759888
1553437953256035085,1,0,-0.024496242404,0.185075759888
1553437953267335392,1,0,-0.024496242404,0.185075759888
1553437953278179310,1,0,-0.024496242404,0.185075759888
1553437953289712851,1,0,-0.024496242404,0.185075759888
1553437953301438360,1,0,-0.024496242404,0.185075759888
1553437953312659496,1,0,-0.024496242404,0.185075759888
1553437953324899005,1,0,-0.0222885791212,0.188935786486
1553437953336282993,1,0,-0.0222885791212,0.188935786486
1553437953348648945,1,0,-0.0222885791212,0.188935786486
1553437953356292928,1,0,-0.0222885791212,0.188935786486
1553437953364256022,1,0,-0.0222885791212,0.188935786486
1553437953372153748,1,0,-0.0222885791212,0.188935786486
1553437953379401580,1,0,-0.0222885791212,0.188935786486
1553437953390526452,1,0,-0.0222885791212,0.188935786486
1553437953401723048,1,0,-0.0222885791212,0.188935786486
1553437953413225172,1,0,-0.0222885791212,0.188935786486
1553437953424222660,1,0,-0.0201035207137,0.201731383801
1553437953435898366,1,0,-0.0201035207137,0.201731383801
1553437953448320267,1,0,-0.0201035207137,0.201731383801
1553437953455555320,1,0,-0.0201035207137,0.201731383801
1553437953466425216,1,0,-0.0201035207137,0.201731383801
1553437953478087805,1,0,-0.0201035207137,0.201731383801
1553437953489345066,1,0,-0.0201035207137,0.201731383801
1553437953500572892,1,0,-0.0201035207137,0.201731383801
1553437953512606104,1,0,-0.0201035207137,0.201731383801
1553437953523322484,1,0,-0.0227201279253,0.209464460611
1553437953534941344,1,0,-0.0227201279253,0.209464460611
1553437953545975467,1,0,-0.0227201279253,0.209464460611
1553437953557641618,1,0,-0.0227201279253,0.209464460611
1553437953569043791,1,0,-0.0227201279253,0.209464460611
1553437953580897702,1,0,-0.0227201279253,0.209464460611
1553437953592673692,1,0,-0.0227201279253,0.209464460611
1553437953599846996,1,0,-0.0227201279253,0.209464460611
1553437953611618526,1,0,-0.0227201279253,0.209464460611
1553437953619531048,1,0,-0.0227201279253,0.209464460611
1553437953627445966,1,0,-0.025157834962,0.214719697833
1553437953635032494,1,0,-0.025157834962,0.214719697833
1553437953646086213,1,0,-0.025157834962,0.214719697833
1553437953657463910,1,0,-0.025157834962,0.214719697833
1553437953668763887,1,0,-0.025157834962,0.214719697833
1553437953679946638,1,0,-0.025157834962,0.214719697833
1553437953691169022,1,0,-0.025157834962,0.214719697833
1553437953702737303,1,0,-0.025157834962,0.214719697833
1553437953714209352,1,0,-0.025157834962,0.214719697833
1553437953725708609,1,0,-0.0272987071425,0.228489995003
1553437953733085488,1,0,-0.0272987071425,0.228489995003
1553437953741496935,1,0,-0.0272987071425,0.228489995003
1553437953749623056,1,0,-0.0272987071425,0.228489995003
1553437953756638832,1,0,-0.0272987071425,0.228489995003
1553437953766999476,1,0,-0.0272987071425,0.228489995003
1553437953778246600,1,0,-0.0272987071425,0.228489995003
1553437953789471673,1,0,-0.0272987071425,0.228489995003
1553437953800609662,1,0,-0.0272987071425,0.228489995003
1553437953811953241,1,0,-0.0272987071425,0.228489995003
1553437953823329959,1,0,-0.0364727739245,0.23652985692
1553437953834528033,1,0,-0.0364727739245,0.23652985692
1553437953845970737,1,0,-0.0364727739245,0.23652985692
1553437953857133710,1,0,-0.0364727739245,0.23652985692
1553437953868974007,1,0,-0.0364727739245,0.23652985692
1553437953879898483,1,0,-0.0364727739245,0.23652985692
1553437953891836947,1,0,-0.0364727739245,0.23652985692
1553437953903572797,1,0,-0.0364727739245,0.23652985692
1553437953911436483,1,0,-0.0364727739245,0.23652985692
1553437953919111387,1,0,-0.0364727739245,0.23652985692
1553437953926417085,1,0,-0.0432941187173,0.240689456463
1553437953932810300,1,0,-0.0432941187173,0.240689456463
1553437953943695223,1,0,-0.0432941187173,0.240689456463
1553437953954958351,1,0,-0.0432941187173,0.240689456463
1553437953965922069,1,0,-0.0432941187173,0.240689456463
1553437953977525996,1,0,-0.0432941187173,0.240689456463
1553437953988456516,1,0,-0.0432941187173,0.240689456463
1553437953999837252,1,0,-0.0432941187173,0.240689456463
1553437954011335783,1,0,-0.0432941187173,0.240689456463
1553437954022552029,1,0,-0.0452391549945,0.231523916125
1553437954033758395,1,0,-0.0452391549945,0.231523916125
1553437954045247687,1,0,-0.0452391549945,0.231523916125
1553437954056766488,1,0,-0.0452391549945,0.231523916125
1553437954068545679,1,0,-0.0452391549945,0.231523916125
1553437954079795430,1,0,-0.0452391549945,0.231523916125
1553437954091339955,1,0,-0.0452391549945,0.231523916125
1553437954102851661,1,0,-0.0452391549945,0.231523916125
1553437954114098229,1,0,-0.0452391549945,0.231523916125
1553437954125296510,1,0,-0.0344245769083,0.226194396615
1553437954136537037,1,0,-0.0344245769083,0.226194396615
1553437954148380649,1,0,-0.0344245769083,0.226194396615
1553437954155112961,1,0,-0.0344245769083,0.226194396615
1553437954162974332,1,0,-0.0344245769083,0.226194396615
1553437954170288708,1,0,-0.0344245769083,0.226194396615
1553437954177137664,1,0,-0.0344245769083,0.226194396615
1553437954184795573,1,0,-0.0344245769083,0.226194396615
1553437954192009225,1,0,-0.0344245769083,0.226194396615
1553437954205058018,1,0,-0.0344245769083,0.226194396615
1553437954211628534,1,0,-0.0344245769083,0.226194396615
1553437954222964004,1,0,-0.0330026980489,0.220345109701
1553437954233218027,1,0,-0.0330026980489,0.220345109701
1553437954244892630,1,0,-0.0330026980489,0.220345109701
1553437954256670738,1,0,-0.0330026980489,0.220345109701
1553437954267753790,1,0,-0.0330026980489,0.220345109701
1553437954279443134,1,0,-0.0330026980489,0.220345109701
1553437954290802161,1,0,-0.0330026980489,0.220345109701
1553437954301978161,1,0,-0.0330026980489,0.220345109701
1553437954313395243,1,0,-0.0330026980489,0.220345109701
1553437954324689593,1,0,-0.0305118173361,0.195324361324
1553437954336884034,1,0,-0.0305118173361,0.195324361324
1553437954343741178,1,0,-0.0305118173361,0.195324361324
1553437954351327858,1,0,-0.0305118173361,0.195324361324
1553437954358230903,1,0,-0.0305118173361,0.195324361324
1553437954370284859,1,0,-0.0305118173361,0.195324361324
1553437954377042818,1,0,-0.0305118173361,0.195324361324
1553437954384974052,1,0,-0.0305118173361,0.195324361324
1553437954392121659,1,0,-0.0305118173361,0.195324361324
1553437954403167919,1,0,-0.0305118173361,0.195324361324
1553437954414747060,1,0,-0.0305118173361,0.195324361324
1553437954421824211,1,0,-0.026524284482,0.18635904789
1553437954429847057,1,0,-0.026524284482,0.18635904789
1553437954437297517,1,0,-0.026524284482,0.18635904789
1553437954444074146,1,0,-0.026524284482,0.18635904789
1553437954455065394,1,0,-0.026524284482,0.18635904789
1553437954463048653,1,0,-0.026524284482,0.18635904789
1553437954470873297,1,0,-0.026524284482,0.18635904789
1553437954477766572,1,0,-0.026524284482,0.18635904789
1553437954488731102,1,0,-0.026524284482,0.18635904789
1553437954499761437,1,0,-0.026524284482,0.18635904789
1553437954511276055,1,0,-0.026524284482,0.18635904789
1553437954522317202,1,0,-0.0154279675335,0.176629543304
1553437954533605181,1,0,-0.0154279675335,0.176629543304
1553437954544707892,1,0,-0.0154279675335,0.176629543304
1553437954556229490,1,0,-0.0154279675335,0.176629543304
1553437954567252030,1,0,-0.0154279675335,0.176629543304
1553437954578537855,1,0,-0.0154279675335,0.176629543304
1553437954590389749,1,0,-0.0154279675335,0.176629543304
1553437954601655762,1,0,-0.0154279675335,0.176629543304
1553437954613144840,1,0,-0.0154279675335,0.176629543304
1553437954626021827,1,0,-0.00518692377955,0.151885032654
1553437954633267912,1,0,-0.00518692377955,0.151885032654
1553437954641506668,1,0,-0.00518692377955,0.151885032654
1553437954650396286,1,0,-0.00518692377955,0.151885032654
1553437954658207776,1,0,-0.00518692377955,0.151885032654
1553437954670367517,1,0,-0.00518692377955,0.151885032654
1553437954681108838,1,0,-0.00518692377955,0.151885032654
1553437954688894023,1,0,-0.00518692377955,0.151885032654
1553437954697026771,1,0,-0.00518692377955,0.151885032654
1553437954705369149,1,0,-0.00518692377955,0.151885032654
1553437954712996216,1,0,-0.00518692377955,0.151885032654
1553437954723193244,1,0,0.00195215335116,0.150235623121
1553437954734502110,1,0,0.00195215335116,0.150235623121
1553437954746259488,1,0,0.00195215335116,0.150235623121
1553437954758636683,1,0,0.00195215335116,0.150235623121
1553437954769410537,1,0,0.00195215335116,0.150235623121
1553437954781284561,1,0,0.00195215335116,0.150235623121
1553437954792401953,1,0,0.00195215335116,0.150235623121
1553437954799659125,1,0,0.00195215335116,0.150235623121
1553437954808630822,1,0,0.00195215335116,0.150235623121
1553437954816232064,1,0,0.00195215335116,0.150235623121
1553437954824002133,1,0,0.0058864264749,0.150355994701
1553437954834493375,1,0,0.0058864264749,0.150355994701
1553437954845923785,1,0,0.0058864264749,0.150355994701
1553437954856955564,1,0,0.0058864264749,0.150355994701
1553437954868696725,1,0,0.0058864264749,0.150355994701
1553437954879792297,1,0,0.0058864264749,0.150355994701
1553437954891233618,1,0,0.0058864264749,0.150355994701
1553437954902391097,1,0,0.0058864264749,0.150355994701
1553437954914291595,1,0,0.0058864264749,0.150355994701
1553437954924674671,1,0,0.0133461767808,0.152610242367
1553437954936383238,1,0,0.0133461767808,0.152610242367
1553437954948161030,1,0,0.0133461767808,0.152610242367
1553437954955023036,1,0,0.0133461767808,0.152610242367
1553437954966081754,1,0,0.0133461767808,0.152610242367
1553437954973940399,1,0,0.0133461767808,0.152610242367
1553437954981523596,1,0,0.0133461767808,0.152610242367
1553437954988158713,1,0,0.0133461767808,0.152610242367
1553437954996063891,1,0,0.0133461767808,0.152610242367
1553437955004122026,1,0,0.0133461767808,0.152610242367
1553437955011008650,1,0,0.0133461767808,0.152610242367
1553437955021541030,1,0,0.024179591611,0.173690199852
1553437955032745315,1,0,0.024179591611,0.173690199852
1553437955043991502,1,0,0.024179591611,0.173690199852
1553437955055408018,1,0,0.024179591611,0.173690199852
1553437955066814176,1,0,0.024179591611,0.173690199852
1553437955077894961,1,0,0.024179591611,0.173690199852
1553437955089375818,1,0,0.024179591611,0.173690199852
1553437955100556060,1,0,0.024179591611,0.173690199852
1553437955112270999,1,0,0.024179591611,0.173690199852
1553437955119672923,1,0,0.024179591611,0.173690199852
1553437955127774606,1,0,0.0294588528574,0.178265333176
1553437955134740904,1,0,0.0294588528574,0.178265333176
1553437955145335440,1,0,0.0294588528574,0.178265333176
1553437955156770337,1,0,0.0294588528574,0.178265333176
1553437955167783405,1,0,0.0294588528574,0.178265333176
1553437955179828913,1,0,0.0294588528574,0.178265333176
1553437955191104764,1,0,0.0294588528574,0.178265333176
1553437955203670041,1,0,0.0294588528574,0.178265333176
1553437955215209852,1,0,0.0294588528574,0.178265333176
1553437955222165453,1,0,0.030912746489,0.184665560722
1553437955233285898,1,0,0.030912746489,0.184665560722
1553437955241372706,1,0,0.030912746489,0.184665560722
1553437955249605739,1,0,0.030912746489,0.184665560722
1553437955256889350,1,0,0.030912746489,0.184665560722
1553437955268689774,1,0,0.030912746489,0.184665560722
1553437955279250245,1,0,0.030912746489,0.184665560722
1553437955290598368,1,0,0.030912746489,0.184665560722
1553437955301902642,1,0,0.030912746489,0.184665560722
1553437955312960643,1,0,0.030912746489,0.184665560722
1553437955324351067,1,0,0.0309651091695,0.208951801062
1553437955335527256,1,0,0.0309651091695,0.208951801062
1553437955347231006,1,0,0.0309651091695,0.208951801062
1553437955358919121,1,0,0.0309651091695,0.208951801062
1553437955370557309,1,0,0.0309651091695,0.208951801062
1553437955377242914,1,0,0.0309651091695,0.208951801062
1553437955388692937,1,0,0.0309651091695,0.208951801062
1553437955399609178,1,0,0.0309651091695,0.208951801062
1553437955411037117,1,0,0.0309651091695,0.208951801062
1553437955422291970,1,0,0.0328608181328,0.214487209916
1553437955433297619,1,0,0.0328608181328,0.214487209916
1553437955444864270,1,0,0.0328608181328,0.214487209916
1553437955456040667,1,0,0.0328608181328,0.214487209916
1553437955467715374,1,0,0.0328608181328,0.214487209916
1553437955478722215,1,0,0.0328608181328,0.214487209916
1553437955490112780,1,0,0.0328608181328,0.214487209916
1553437955501679858,1,0,0.0328608181328,0.214487209916
1553437955512769400,1,0,0.0328608181328,0.214487209916
1553437955524995413,1,0,0.0378466058522,0.217572748661
1553437955535879205,1,0,0.0378466058522,0.217572748661
1553437955569461783,1,0,0.0378466058522,0.217572748661
1553437955584651775,1,0,0.0378466058522,0.217572748661
1553437955594203269,1,0,0.0378466058522,0.217572748661
1553437955601756065,1,0,0.0378466058522,0.217572748661
1553437955611194672,1,0,0.0378466058522,0.217572748661
1553437955622287076,1,0,0.0502030484378,0.220931917429
1553437955633755194,1,0,0.0502030484378,0.220931917429
1553437955641244599,1,0,0.0502030484378,0.220931917429
1553437955649762727,1,0,0.0502030484378,0.220931917429
1553437955656734398,1,0,0.0502030484378,0.220931917429
1553437955667671099,1,0,0.0502030484378,0.220931917429
1553437955679023436,1,0,0.0502030484378,0.220931917429
1553437955690165606,1,0,0.0502030484378,0.220931917429
1553437955701533848,1,0,0.0502030484378,0.220931917429
1553437955712652470,1,0,0.0502030484378,0.220931917429
1553437955723930795,1,0,0.0331076789647,0.220106989145
1553437955735059083,1,0,0.0331076789647,0.220106989145
1553437955746426535,1,0,0.0331076789647,0.220106989145
1553437955775990687,1,0,0.0331076789647,0.220106989145
1553437955787696582,1,0,0.0331076789647,0.220106989145
1553437955796548969,1,0,0.0331076789647,0.220106989145
1553437955805762885,1,0,0.0331076789647,0.220106989145
1553437955812805730,1,0,0.0331076789647,0.220106989145
1553437955825649439,1,0,0.0303802769631,0.227316319942
1553437955836593261,1,0,0.0303802769631,0.227316319942
1553437955848018421,1,0,0.0303802769631,0.227316319942
1553437955855684250,1,0,0.0303802769631,0.227316319942
1553437955863455003,1,0,0.0303802769631,0.227316319942
1553437955870947153,1,0,0.0303802769631,0.227316319942
1553437955877705434,1,0,0.0303802769631,0.227316319942
1553437955888841750,1,0,0.0303802769631,0.227316319942
1553437955899672945,1,0,0.0303802769631,0.227316319942
1553437955911299376,1,0,0.0303802769631,0.227316319942
1553437955922589847,1,0,0.0338347144425,0.220940500498
1553437955933841929,1,0,0.0338347144425,0.220940500498
1553437955945001446,1,0,0.0338347144425,0.220940500498
1553437955956415628,1,0,0.0338347144425,0.220940500498
1553437955967758675,1,0,0.0338347144425,0.220940500498
1553437955979410204,1,0,0.0338347144425,0.220940500498
1553437955990902341,1,0,0.0338347144425,0.220940500498
1553437956002469823,1,0,0.0338347144425,0.220940500498
1553437956014019711,1,0,0.0338347144425,0.220940500498
1553437956025687693,1,0,0.0189755873755,0.207564815879
1553437956036579595,1,0,0.0189755873755,0.207564815879
1553437956047874580,1,0,0.0189755873755,0.207564815879
1553437956055205302,1,0,0.0189755873755,0.207564815879
1553437956063306047,1,0,0.0189755873755,0.207564815879
1553437956071279688,1,0,0.0189755873755,0.207564815879
1553437956078922806,1,0,0.0189755873755,0.207564815879
1553437956089853297,1,0,0.0189755873755,0.207564815879
1553437956101143110,1,0,0.0189755873755,0.207564815879
1553437956109706438,1,0,0.0189755873755,0.207564815879
1553437956118114207,1,0,0.0189755873755,0.207564815879
1553437956125890363,1,0,-0.00566047681496,0.208663731813
1553437956135724980,1,0,-0.00566047681496,0.208663731813
1553437956146031849,1,0,-0.00566047681496,0.208663731813
1553437956157333469,1,0,-0.00566047681496,0.208663731813
1553437956168419749,1,0,-0.00566047681496,0.208663731813
1553437956180101338,1,0,-0.00566047681496,0.208663731813
1553437956191198305,1,0,-0.00566047681496,0.208663731813
1553437956203257829,1,0,-0.00566047681496,0.208663731813
1553437956214792068,1,0,-0.00566047681496,0.208663731813
1553437956221999881,1,0,-0.0164859844372,0.211905285716
1553437956230153963,1,0,-0.0164859844372,0.211905285716
1553437956237766746,1,0,-0.0164859844372,0.211905285716
1553437956244741819,1,0,-0.0164859844372,0.211905285716
1553437956255411066,1,0,-0.0164859844372,0.211905285716
1553437956266735710,1,0,-0.0164859844372,0.211905285716
1553437956277995579,1,0,-0.0164859844372,0.211905285716
1553437956285926437,1,0,-0.0164859844372,0.211905285716
1553437956294041301,1,0,-0.0164859844372,0.211905285716
1553437956301160297,1,0,-0.0164859844372,0.211905285716
1553437956312766876,1,0,-0.0164859844372,0.211905285716
1553437956323734375,1,0,-0.0188618080691,0.215180188417
1553437956334948808,1,0,-0.0188618080691,0.215180188417
1553437956346237479,1,0,-0.0188618080691,0.215180188417
1553437956358101523,1,0,-0.0188618080691,0.215180188417
1553437956370219741,1,0,-0.0188618080691,0.215180188417
1553437956381060613,1,0,-0.0188618080691,0.215180188417
1553437956392382294,1,0,-0.0188618080691,0.215180188417
1553437956399780288,1,0,-0.0188618080691,0.215180188417
1553437956408399864,1,0,-0.0188618080691,0.215180188417
1553437956416670963,1,0,-0.0188618080691,0.215180188417
1553437956423790106,1,0,-0.0264072820544,0.229005128145
1553437956434541620,1,0,-0.0264072820544,0.229005128145
1553437956445868340,1,0,-0.0264072820544,0.229005128145
1553437956456720055,1,0,-0.0264072820544,0.229005128145
1553437956468214825,1,0,-0.0264072820544,0.229005128145
1553437956479898059,1,0,-0.0264072820544,0.229005128145
1553437956491252026,1,0,-0.0264072820544,0.229005128145
1553437956503671195,1,0,-0.0264072820544,0.229005128145
1553437956514257659,1,0,-0.0264072820544,0.229005128145
1553437956525578839,1,0,-0.0379590369761,0.235749781132
1553437956537145304,1,0,-0.0379590369761,0.235749781132
1553437956544130161,1,0,-0.0379590369761,0.235749781132
1553437956551780290,1,0,-0.0379590369761,0.235749781132
1553437956559736549,1,0,-0.0379590369761,0.235749781132
1553437956566664902,1,0,-0.0379590369761,0.235749781132
1553437956577474999,1,0,-0.0379590369761,0.235749781132
1553437956585544226,1,0,-0.0379590369761,0.235749781132
1553437956593582468,1,0,-0.0379590369761,0.235749781132
1553437956600522194,1,0,-0.0379590369761,0.235749781132
1553437956612144349,1,0,-0.0379590369761,0.235749781132
1553437956621960782,1,0,-0.0370144173503,0.238467872143
1553437956633202012,1,0,-0.0370144173503,0.238467872143
1553437956644505967,1,0,-0.0370144173503,0.238467872143
1553437956655772085,1,0,-0.0370144173503,0.238467872143
1553437956667065670,1,0,-0.0370144173503,0.238467872143
1553437956678277942,1,0,-0.0370144173503,0.238467872143
1553437956689978288,1,0,-0.0370144173503,0.238467872143
1553437956701187734,1,0,-0.0370144173503,0.238467872143
1553437956712796744,1,0,-0.0370144173503,0.238467872143
1553437956724382181,1,0,-0.0233448084444,0.227798894048
1553437956735467584,1,0,-0.0233448084444,0.227798894048
1553437956746920458,1,0,-0.0233448084444,0.227798894048
1553437956758963733,1,0,-0.0233448084444,0.227798894048
1553437956770042674,1,0,-0.0233448084444,0.227798894048
1553437956781315627,1,0,-0.0233448084444,0.227798894048
1553437956788159747,1,0,-0.0233448084444,0.227798894048
1553437956795562714,1,0,-0.0233448084444,0.227798894048
1553437956802351710,1,0,-0.0233448084444,0.227798894048
1553437956813954414,1,0,-0.0233448084444,0.227798894048
1553437956825286077,1,0,-0.0278176974505,0.225901320577
1553437956836689964,1,0,-0.0278176974505,0.225901320577
1553437956843279230,1,0,-0.0278176974505,0.225901320577
1553437956850873603,1,0,-0.0278176974505,0.225901320577
1553437956857366748,1,0,-0.0278176974505,0.225901320577
1553437956869228213,1,0,-0.0278176974505,0.225901320577
1553437956880280510,1,0,-0.0278176974505,0.225901320577
1553437956892054015,1,0,-0.0278176974505,0.225901320577
1553437956904321903,1,0,-0.0278176974505,0.225901320577
1553437956911556392,1,0,-0.0278176974505,0.225901320577
1553437956919007484,1,0,-0.0278176974505,0.225901320577
1553437956926518246,1,0,-0.0384906198829,0.22488501668
1553437956933529686,1,0,-0.0384906198829,0.22488501668
1553437956944082755,1,0,-0.0384906198829,0.22488501668
1553437956951564808,1,0,-0.0384906198829,0.22488501668
1553437956958761075,1,0,-0.0384906198829,0.22488501668
1553437956969488921,1,0,-0.0384906198829,0.22488501668
1553437956980087552,1,0,-0.0384906198829,0.22488501668
1553437956992221115,1,0,-0.0384906198829,0.22488501668
1553437957003936958,1,0,-0.0384906198829,0.22488501668
1553437957011212139,1,0,-0.0384906198829,0.22488501668
1553437957018578142,1,0,-0.0384906198829,0.22488501668
1553437957026584243,1,0,-0.0334902629256,0.219239756465
1553437957033426757,1,0,-0.0334902629256,0.219239756465
1553437957044431465,1,0,-0.0334902629256,0.219239756465
1553437957055003198,1,0,-0.0334902629256,0.219239756465
1553437957066128214,1,0,-0.0334902629256,0.219239756465
1553437957077745277,1,0,-0.0334902629256,0.219239756465
1553437957088974969,1,0,-0.0334902629256,0.219239756465
1553437957101524261,1,0,-0.0334902629256,0.219239756465
1553437957112572710,1,0,-0.0334902629256,0.219239756465
1553437957124621512,1,0,-0.0164549970999,0.193708911538
1553437957135124343,1,0,-0.0164549970999,0.193708911538
1553437957146737652,1,0,-0.0164549970999,0.193708911538
1553437957173654939,1,0,-0.0164549970999,0.193708911538
1553437957185039742,1,0,-0.0164549970999,0.193708911538
1553437957193503205,1,0,-0.0164549970999,0.193708911538
1553437957200537803,1,0,-0.0164549970999,0.193708911538
1553437957211544378,1,0,-0.0164549970999,0.193708911538
1553437957219263047,1,0,-0.0164549970999,0.193708911538
1553437957227777698,1,0,-0.0175153935328,0.18737372756
1553437957235418604,1,0,-0.0175153935328,0.18737372756
1553437957246193827,1,0,-0.0175153935328,0.18737372756
1553437957256985560,1,0,-0.0175153935328,0.18737372756
1553437957268701479,1,0,-0.0175153935328,0.18737372756
1553437957279787246,1,0,-0.0175153935328,0.18737372756
1553437957291318720,1,0,-0.0175153935328,0.18737372756
1553437957321714296,1,0,-0.0175153935328,0.18737372756
1553437957334519926,1,0,-0.0236370928586,0.182446599007
1553437957344841278,1,0,-0.0236370928586,0.182446599007
1553437957355215312,1,0,-0.0236370928586,0.182446599007
1553437957363881741,1,0,-0.0236370928586,0.182446599007
1553437957372453545,1,0,-0.0236370928586,0.182446599007
1553437957380179887,1,0,-0.0236370928586,0.182446599007
1553437957391433673,1,0,-0.0236370928586,0.182446599007
1553437957402063911,1,0,-0.0236370928586,0.182446599007
1553437957413451200,1,0,-0.0236370928586,0.182446599007
1553437957424042704,1,0,-0.0119301313534,0.177003920078
1553437957435521821,1,0,-0.0119301313534,0.177003920078
1553437957446776221,1,0,-0.0119301313534,0.177003920078
1553437957458645516,1,0,-0.0119301313534,0.177003920078
1553437957470197320,1,0,-0.0119301313534,0.177003920078
1553437957482915830,1,0,-0.0119301313534,0.177003920078
1553437957489744042,1,0,-0.0119301313534,0.177003920078
1553437957500522920,1,0,-0.0119301313534,0.177003920078
1553437957512348690,1,0,-0.0119301313534,0.177003920078
1553437957524156640,1,0,0.0105646897107,0.173438027501
1553437957535945265,1,0,0.0105646897107,0.173438027501
1553437957547326184,1,0,0.0105646897107,0.173438027501
1553437957576873713,1,0,0.0105646897107,0.173438027501
1553437957589166188,1,0,0.0105646897107,0.173438027501
1553437957598599955,1,0,0.0105646897107,0.173438027501
1553437957607839795,1,0,0.0105646897107,0.173438027501
1553437957616392910,1,0,0.0105646897107,0.173438027501
1553437957623950368,1,0,0.0175152096897,0.174307078123
1553437957635239693,1,0,0.0175152096897,0.174307078123
1553437957646410268,1,0,0.0175152096897,0.174307078123
1553437957658104528,1,0,0.0175152096897,0.174307078123
1553437957670197751,1,0,0.0175152096897,0.174307078123
1553437957681444668,1,0,0.0175152096897,0.174307078123
1553437957688728896,1,0,0.0175152096897,0.174307078123
1553437957696972847,1,0,0.0175152096897,0.174307078123
1553437957704665883,1,0,0.0175152096897,0.174307078123
1553437957712108217,1,0,0.0175152096897,0.174307078123
1553437957722534755,1,0,0.0185749946162,0.178075626493
1553437957733530234,1,0,0.0185749946162,0.178075626493
1553437957744786259,1,0,0.0185749946162,0.178075626493
1553437957756083749,1,0,0.0185749946162,0.178075626493
1553437957767464323,1,0,0.0185749946162,0.178075626493
1553437957778886594,1,0,0.0185749946162,0.178075626493
1553437957790216286,1,0,0.0185749946162,0.178075626493
1553437957801873219,1,0,0.0185749946162,0.178075626493
1553437957812981731,1,0,0.0185749946162,0.178075626493
1553437957824348704,1,0,0.0262946110219,0.182967782021
1553437957835519422,1,0,0.0262946110219,0.182967782021
1553437957846650381,1,0,0.0262946110219,0.182967782021
1553437957857793831,1,0,0.0262946110219,0.182967782021
1553437957869275634,1,0,0.0262946110219,0.182967782021
1553437957880643811,1,0,0.0262946110219,0.182967782021
1553437957892614287,1,0,0.0262946110219,0.182967782021
1553437957900489985,1,0,0.0262946110219,0.182967782021
1553437957909292103,1,0,0.0262946110219,0.182967782021
1553437957917317567,1,0,0.0262946110219,0.182967782021
1553437957924428127,1,0,0.0342557672411,0.188465163112
1553437957936769264,1,0,0.0342557672411,0.188465163112
1553437957944216771,1,0,0.0342557672411,0.188465163112
1553437957951909352,1,0,0.0342557672411,0.188465163112
1553437957959823407,1,0,0.0342557672411,0.188465163112
1553437957967245640,1,0,0.0342557672411,0.188465163112
1553437957978391639,1,0,0.0342557672411,0.188465163112
1553437957989436620,1,0,0.0342557672411,0.188465163112
1553437958000781995,1,0,0.0342557672411,0.188465163112
1553437958011867466,1,0,0.0342557672411,0.188465163112
1553437958022884490,1,0,0.0335795037448,0.211200386286
1553437958033862787,1,0,0.0335795037448,0.211200386286
1553437958045521934,1,0,0.0335795037448,0.211200386286
1553437958056676953,1,0,0.0335795037448,0.211200386286
1553437958068061981,1,0,0.0335795037448,0.211200386286
1553437958079491963,1,0,0.0335795037448,0.211200386286
1553437958090645551,1,0,0.0335795037448,0.211200386286
1553437958101983541,1,0,0.0335795037448,0.211200386286
1553437958113885104,1,0,0.0335795037448,0.211200386286
1553437958125566408,1,0,0.0359381139278,0.215767905116
1553437958132419769,1,0,0.0359381139278,0.215767905116
1553437958140272658,1,0,0.0359381139278,0.215767905116
1553437958147057781,1,0,0.0359381139278,0.215767905116
1553437958178197946,1,0,0.0359381139278,0.215767905116
1553437958191056006,1,0,0.0359381139278,0.215767905116
1553437958201292879,1,0,0.0359381139278,0.215767905116
1553437958210802192,1,0,0.0359381139278,0.215767905116
1553437958218342875,1,0,0.0359381139278,0.215767905116
1553437958225509738,1,0,0.0427457865328,0.217455461621
1553437958236555727,1,0,0.0427457865328,0.217455461621
1553437958248221405,1,0,0.0427457865328,0.217455461621
1553437958255067620,1,0,0.0427457865328,0.217455461621
1553437958263227905,1,0,0.0427457865328,0.217455461621
